> Border Bin # 118, Level 1
100	51.7500572213
100.553597314	51.735866331
101.377431907	51.4528114748
101.575341421	51.4877546349
102.218814374	51.3336385138
102.169222553	51.1129930571
102.356450752	50.7225146868
102.32776379	50.5694666972
102.918593118	50.3152513924
103.245288777	50.3027389944
103.32387274	50.1974517433
104.101930266	50.1438925765
104.425574121	50.2996871901
105.356679637	50.4834058137
105.989166094	50.4106202792
106.253299763	50.2983138781
106.737773709	50.3256275273
107.182269017	50.0241092546
107.422751202	50
> Border Bin # 119, Level 1
116.33432517	50
116.216678111	50.0283817807
116.12512398	50
> Border Bin # 119, Level 1
115.235675593	50
114.854200046	50.2282749676
114.313115129	50.2841229877
113.643091478	50
> Border Bin # 119, Level 1
119.122301061	50
119.321736477	50.0967421988
119.367208362	50.3097581445
119.137712673	50.3950560769
119.501945525	50.7418936446
119.518272679	50.899671931
119.745784695	51.0733196002
120	51.499656672
> Border Bin # 120, Level 1
120	51.499656672
120.096131838	51.6607919432
120.652170596	51.9136339361
120.776073854	52.1144426642
120.621652552	52.3399710079
120.71808957	52.5403219654
120.439765011	52.6366063935
120.072480354	52.5894560159
120.028381781	52.7678339818
120.863355459	53.279468986
121.207751583	53.2706187533
122.31387808	53.4874494545
122.839703975	53.451590753
123.262226291	53.5541313802
123.874113069	53.4779888609
124.10437171	53.340047303
124.254673075	53.356069276
124.401159686	53.211871519
124.850537881	53.0885786221
124.911879149	53.1697566186
125.164721141	53.1931029221
125.720302129	52.9869535363
125.65133135	52.875257496
125.844205386	52.8989089799
125.969939727	52.7627985046
126.095216297	52.764476997
125.988097963	52.5816739147
126.185854887	52.5403219654
126.319981689	52.3080796521
126.435492485	52.2803082322
126.318303197	52.191653315
126.556649119	52.1300068666
126.441443503	51.987487602
126.721446555	51.7084000916
126.671702144	51.5744258793
126.914168002	51.3789578088
126.809948882	51.2747386893
126.893263142	51.2385748074
126.859998474	51.306630045
126.972152285	51.317769131
126.930342565	51.0594338903
127.297016861	50.7319752804
127.330281529	50.3189135576
127.585259785	50.2082856489
> Border Bin # 120, Level 1
127.586327916	50.2030975814
127.547722591	50
> Border Bin # 154, Level 1
100	42.6446936751
100.314946212	42.6910811017
100.835584039	42.6781109331
101.814755474	42.5096513313
102.077210651	42.2333104448
102.712443732	42.1614404517
103.416342412	41.8872358282
103.863279164	41.8022430762
104.526741436	41.8771648737
104.524147402	41.6638437476
104.930342565	41.6519417105
105.012283513	41.5814450294
105.572747387	41.8866254673
107.471885252	42.4661631189
107.571068894	42.4103150988
109.313649195	42.429999237
110	42.641794461
> Border Bin # 154, Level 1
110	49.1889829862
109.544213016	49.2324711986
109.206988632	49.3603418021
108.554665446	49.3357747768
107.948882277	49.678034638
107.977721828	49.9458304723
> Border Bin # 154, Level 1
107.422751202	50
107.983825437	49.943541619
> Border Bin # 155, Level 1
110	42.641794461
110.440527962	42.7777523461
110.98970016	43.3170061799
111.590295262	43.4985885405
111.78393225	43.6725413901
111.95834287	43.6922255283
111.879453727	43.9389639124
111.674982834	44.0511177234
111.42137789	44.382543679
111.785000381	45.0005340658
111.980773632	45.0916304265
112.427252613	45.0803387503
112.853131914	44.8461127642
113.638056001	44.7452506294
114.462195773	45.2117189288
114.545204852	45.3894865339
115.701991302	45.4586099031
116.212710765	45.7239642939
116.290226596	45.9908445869
116.58548867	46.2958724346
116.841687648	46.3936827649
117.370870527	46.3643854429
117.421072709	46.5783169299
117.598840314	46.6117341878
117.716639963	46.5139238575
118.310215915	46.7370107576
118.765545129	46.6828412299
118.869459068	46.7727168688
119.363088426	46.6144808118
119.71419852	46.5993743801
119.928130007	46.7103074693
119.925535973	46.9088273442
119.725032425	47.1688410773
119.308613718	47.4244296941
119.339131762	47.4825665675
119.149462119	47.5338368811
119.125047684	47.6650644694
118.767223621	47.772793164
118.55771725	47.9952697032
117.801174945	48.0105287251
117.372243839	47.6536202029
116.874647135	47.8879987793
116.258335241	47.8785381857
115.93698024	47.6871900511
115.592278935	47.9194323644
115.542534524	48.1416037232
115.835812924	48.2525368124
115.811093309	48.5204852369
116.709697108	49.8294041352
116.608682383	49.9339284352
116.33432517	50
> Border Bin # 155, Level 1
116.12512398	50
115.747005417	49.8831158923
115.403372244	49.8997482261
115.235675593	50
> Border Bin # 155, Level 1
113.643091478	50
113.216601816	49.8191805905
113.090867475	49.5985351339
112.766918441	49.5008773938
112.491645686	49.5413138018
111.963836118	49.4068818189
111.371328298	49.3739223316
110.700236515	49.1422903792
110.401159686	49.255054551
110.207980468	49.1691462577
110	49.1889829862
> Border Bin # 155, Level 1
119.102769512	49.9905394064
119.122301061	50
> Border Bin # 155, Level 1
116.709239338	49.8294041352
117.170061799	49.6525520714
117.873044938	49.5077439536
118.583047227	49.9266041047
119.095597772	49.9894712749
> Border Bin # 156, Level 1
130	42.9750514992
129.906919966	43.005569543
129.701380941	42.4383916991
129.590905623	42.4452582589
129.5397879	42.3636224918
129.341878386	42.4458686198
129.190508888	42.3132677195
129.210345617	42.2172884718
128.919508659	42.0224307622
128.058899825	42.0033569848
128.101930266	41.7961394675
128.301976043	41.5777828641
128.155794614	41.3824673838
128.000762951	41.4454871443
127.647516594	41.402761883
127.270771344	41.472495613
127.102159152	41.535210193
127.178606851	41.5872434577
126.936140993	41.7944609751
126.786907759	41.6922255283
126.694743267	41.7402914473
126.563668269	41.6108949416
126.527199207	41.3574425879
126.123903258	41.0811017014
126.012207218	40.8963149462
125.761959258	40.883649958
125.405813687	40.620889601
125.286182956	40.6474402991
125.017776761	40.5308613718
125.040054932	40.457160296
124.886091402	40.4733348592
124.371709773	40.0930800336
> Border Bin # 156, Level 1
127.547722591	50
127.511711299	49.8100251774
127.820553902	49.5909056229
128.190280003	49.5336842908
128.667734798	49.6116578927
128.802014191	49.5585564965
128.751659419	49.4674601358
128.992294194	49.4413672084
129.102464332	49.3466086824
129.199206531	49.3899443046
129.345845731	49.340047303
129.383077745	49.4247348745
129.481956207	49.4183260853
129.554741741	49.2849622339
129.72137026	49.2660410468
129.906157015	49.0366979477
130	48.9851224537
> Border Bin # 156, Level 1
124.346379797	40
124.371099413	40.0961318379
> Border Bin # 157, Level 1
130.604409857	42.4194705119
130.514686809	42.6022735943
130.437170977	42.5450522621
130.243381399	42.7183947509
130.252231632	42.8925001907
130	42.9750514992
> Border Bin # 157, Level 1
134.740825513	48.2674906538
134.55725948	47.9945067521
134.766918441	47.7067215991
134.552224002	47.4670023651
134.182192721	47.3228046082
134.222018769	47.1102464332
134.062256809	46.9750514992
134.019226368	46.6666666667
133.844968338	46.4753185321
133.900053407	46.2502479591
133.686884871	46.1431296254
133.660791943	45.9342336156
133.47722591	45.8263523308
133.468375677	45.6221866178
133.148851759	45.4502174411
133.112535286	45.1197070268
132.922713054	45.021591516
131.988555734	45.2419317922
131.864652476	45.3452353704
131.466697185	44.967269398
130.950026703	44.8410772869
131.095597772	44.6913862821
131.298084993	44.0518806744
131.187151904	43.5527580682
131.311360342	43.3922331579
131.104753185	43.0360875868
131.123369192	42.910811017
130.637979706	42.8316166934
130.405279622	42.7180895705
130.605325399	42.6196688792
130.560311284	42.5014114595
130.691081102	42.2955672541
> Border Bin # 157, Level 1
130	48.9851224537
130.220492866	48.86411841
130.666056306	48.8683909361
130.522163729	48.6027313649
130.626077668	48.4766918441
130.757457847	48.48783093
130.831616693	48.296177615
130.657206073	48.1036087587
130.995345998	47.6855115587
131.416647593	47.7386129549
131.575494011	47.6560616464
132.528877699	47.7111467155
132.671396963	47.949797818
132.808880751	47.9420157168
133.088578622	48.1016250858
133.506675822	48.0714122225
133.751430533	48.2497901884
134.4180972	48.3900205997
134.735332265	48.2664225223
> Border Bin # 192, Level 1
126.999923705	38.225070573
127.222247654	38.3179980163
128.002441444	38.3064011597
> Border Bin # 192, Level 1
128.002441444	38.3064011597
128.24368658	38.3952086671
128.363622492	38.6210421912
> Border Bin # 192, Level 1
124.131074998	39.8290989548
124.340581369	39.9775692378
124.346379797	40
> Border Bin # 192, Level 1
126.807202258	38.0006103609
126.999923705	38.225070573
> Border Bin # 192, Level 1
126.687266346	37.83276112
126.605630579	37.7633325704
126.240482185	37.8246738384
126.103913939	37.6952773327
> Border Bin # 192, Level 1
126.688639658	37.8321507591
126.686655985	37.9481193256
126.807202258	38.0006103609
> Border Bin # 192, Level 1
124.649729152	38.0250247959
124.754711223	37.987487602
124.82917525	37.7586022736
> Border Bin # 192, Level 1
124.743266957	37.9966430152
124.82917525	37.7586022736
> Border Bin # 192, Level 1
125.638361181	37.6644541085
125.769130999	37.6569771878
> Border Bin # 192, Level 1
124.649729152	38.0250247959
124.743266957	37.9966430152
> Border Bin # 226, Level 1
101.148088808	21.5713740749
101.216449226	21.5455863279
101.28191043	21.1802853437
101.568627451	21.2474250401
101.784695201	21.1427481498
101.851071946	21.2491035325
101.739223316	21.316395819
101.748378729	21.4782940414
101.8330663	21.6214236667
101.538567178	22.2400244144
101.628595407	22.2841229877
101.691462577	22.4722667277
101.787747005	22.4980544747
101.879148547	22.3822384985
102.027008469	22.455024033
102.25055314	22.4130617227
102.484168765	22.7739375906
102.857709621	22.6044098573
103.046921492	22.4350347143
103.336385138	22.7963683528
103.527428092	22.5836575875
103.652704662	22.7841611353
103.96520943	22.4988174258
104.109102007	22.7983520256
104.266117342	22.8294804303
104.261997406	22.7377737087
104.370031281	22.6858930343
104.583657588	22.8447394522
104.73136492	22.8166628519
104.861066606	22.936598764
104.825055314	23.1061264973
105.24055848	23.2605477989
105.325856413	23.3777370871
105.574120699	23.0603494316
105.724422065	23.0479896239
105.872434577	22.9103532464
106.134737163	22.9886320287
106.281681544	22.8593881132
106.520332647	22.935225452
106.821393149	22.8003356985
106.712443732	22.5867093919
106.605325399	22.6044098573
106.554207675	22.4541084916
106.695811398	22.2224765393
106.68284123	21.9691767758
106.755321584	22.0152590219
107.029221027	21.9366750591
107.020218204	21.8225375753
107.220874342	21.7084000916
107.301441978	21.7311360342
107.377431907	21.5980773632
107.453879606	21.6580453193
107.535820554	21.5863279164
107.785610742	21.6672007324
> Border Bin # 226, Level 1
100	20.421606775
100.091706722	20.3460746166
> Border Bin # 226, Level 1
102.13916228	22.3974975204
102.607766842	21.9255359731
102.676737621	21.6559090562
102.812848096	21.7257953765
102.821393149	21.8466468299
102.866712444	21.7111467155
102.976119631	21.739375906
103.000228885	21.5805294881
102.822766461	21.2571908141
102.918898299	21.2324711986
103.17051957	20.846723125
103.389181353	20.7838559548
103.455558099	20.8261234455
103.69359884	20.6572060731
103.805905241	20.8477912566
104.109102007	20.9771877623
104.645304036	20.6581216144
104.551155871	20.516365301
104.470893416	20.537270161
104.381933318	20.4446478981
104.621652552	20.4138246738
104.71107042	20.3375295644
104.68284123	20.2172884718
104.943617914	20.1814297704
104.978866255	20.0050354772
104.970626383	20
> Border Bin # 226, Level 1
100.579995422	20.1553368429
100.511329824	20
> Border Bin # 226, Level 1
100.893568322	21.6827649348
101.122453651	21.77004654
101.161669337	21.5304798962
100.843671321	21.3061722744
100.722514687	21.3072404059
100.520027466	20.9494163424
100.525520714	20.8711375601
100.647287709	20.8705271992
100.253910124	20.7455558099
100.091401541	20.3486686503
100.159761959	20.2349889372
100.256046387	20.3852903029
100.332799268	20.3886472877
100.454413672	20.1908903639
100.581063554	20.1577782864
> Border Bin # 226, Level 1
100	21.7232013428
100.171969177	21.6539253834
100.116426337	21.5260547799
100.212710765	21.4328221561
> Border Bin # 226, Level 1
100.890058747	21.6852063783
100.666361486	21.4795147631
100.484779126	21.4583047227
100.378881514	21.5388723583
100.215609979	21.4346532387
> Border Bin # 226, Level 1
107.782711528	21.6672007324
108.1185626	21.4491493095
> Border Bin # 227, Level 1
113.862516213	22.4614328222
114.395056077	22.6094453346
114.499122606	22.4486152438
114.502479591	22.1438925765
113.8814374	22.1438925765
113.821927214	22.2183566033
113.86083772	22.4594491493
> Border Bin # 227, Level 1
113.571984436	22.2038605325
113.566186007	22.0917067216
113.572747387	22.2034027619
> Border Bin # 262, Level 1
103.089951934	18.1371786069
103.281147478	18.2841229877
103.236896315	18.3572137026
103.305256733	18.4211490043
103.507743954	18.421606775
103.872434577	18.2793926909
103.972533761	18.3294422827
104.275883116	17.8519874876
104.789501793	17.41466392
104.748302434	16.5255207141
105.076676585	16.0975051499
105.42168307	16.0119020371
105.345540551	15.9299610895
105.401083391	15.8072785534
105.638361181	15.6560616464
105.600061036	15.4331273365
105.474784466	15.3607995727
105.58861677	15.3353170062
105.469138628	15.1132982376
105.620202945	14.9849698634
105.513084611	14.8094911116
105.535820554	14.5633630884
105.441977569	14.4322880903
105.210498207	14.3530937667
105.282825971	14.1780727855
105.376668956	14.1052872511
105.559166857	14.1683070115
105.781185626	14.0830090791
105.910276951	13.9327077134
106.095216297	13.9205004959
106.17410544	14.0717174029
105.998016327	14.3672846571
106.21637293	14.3768978408
106.253910124	14.4943923095
106.33447776	14.4449530785
> Border Bin # 262, Level 1
104.970626383	20
104.787823301	19.8899824521
104.83634699	19.7914091707
104.713359274	19.7463950561
104.640268559	19.6119630732
104.516060121	19.6061646448
104.413672084	19.6932936599
104.040588998	19.6945143816
> Border Bin # 262, Level 1
102.915846494	11.6356145571
102.716411078	12.1655603876
102.787823301	12.4400701915
102.506141756	12.6750591287
102.518959335	12.9983978027
102.346379797	13.2744335088
102.34134432	13.5577935454
102.622720684	13.6069275959
102.561684596	13.6789501793
102.726176852	13.7680628672
102.945296407	14.1913481346
103.180285344	14.3297474632
103.659113451	14.4478522927
103.921873808	14.3392080568
104.205539025	14.4130617227
104.55725948	14.3627069505
104.805523766	14.4483100633
105.001907378	14.38330663
105.076676585	14.217441062
105.211413748	14.350499733
> Border Bin # 262, Level 1
104.039368276	19.6925307088
104.121614405	19.4938582437
103.879453727	19.2936598764
104.171053635	19.1931029221
104.741435874	18.7972838941
105.138933394	18.7028305486
105.195239185	18.6172274357
105.103837644	18.4478522927
105.18501564	18.3183031968
105.39360647	18.1499961852
105.499656672	18.1800564584
105.753871977	17.6699473564
106.211642634	17.2616159304
106.311894408	17.290608072
106.441901274	16.9892423896
106.561074235	16.9968719005
106.586709392	16.6271458
> Border Bin # 262, Level 1
100.511329824	20
100.40451667	19.7579919127
100.489662013	19.5378042267
100.775310903	19.4843976501
100.903639277	19.6235599298
101.281147478	19.5622186618
101.201647974	19.3572899977
101.258258946	19.1284046693
101.354390784	19.0386816205
101.252002747	18.8897535668
101.267566949	18.6805523766
101.056076905	18.4361028458
101.181658656	18.3308155947
101.190508888	18.0541695277
101.022201877	17.8930342565
100.910048066	17.5927367056
101.155565728	17.4602883955
101.230029755	17.5274280919
> Border Bin # 262, Level 1
106.458686198	11.6699473564
106.042725261	11.7769130999
105.964446479	11.6447699702
105.815060655	11.615320058
105.901426719	11.4419775692
105.871976806	11.2913710231
106.190890364	11.0530251011
106.214389258	10.9755092699
106.145571069	10.9192034791
106.203402762	10.7705806058
105.957274739	10.8999771115
105.872434577	10.8499275196
105.779201953	11.0228122377
105.429770352	10.9660486763
105.347524224	10.8427557794
105.102006561	10.9555199512
105.037155718	10.8839551385
105.098039216	10.7158007172
104.883955138	10.5343709468
104.598306249	10.5342183566
104.446631571	10.4222171359
> Border Bin # 262, Level 1
106.588845655	16.6286717021
106.670023651	16.5844205386
106.701915007	16.4397650111
106.78034638	16.4306095979
106.875257496	16.5389486534
106.98924239	16.2977035172
107.132982376	16.273899443
107.334096284	16.0569161517
107.464713512	16.0785839628
107.398336767	15.9139391165
107.203936828	15.8600747692
107.174792096	15.7877470054
107.399404898	15.4955367361
107.510337987	15.493400473
107.695277333	15.2707713436
107.615014878	15.0621805142
107.467765316	15.0249485008
107.58892195	14.8914320592
107.513542382	14.8035400931
107.545891508	14.7052719921
> Border Bin # 262, Level 1
107.460898756	13.7961394675
107.628900587	13.542839704
107.636377508	13.3817044327
107.483329519	13.0205233845
107.593041886	12.6039520867
107.547570001	12.3535515373
107.434195468	12.2519264515
107.350270848	12.3335622187
107.166704814	12.2777141985
106.981460288	12.0860608835
106.791180285	12.0747692073
106.717174029	11.9685664149
106.420233463	11.9736018921
106.471046006	11.8693827726
> Border Bin # 262, Level 1
101.228046082	17.530327306
101.408407721	17.7308308537
101.584496834	17.7877470054
101.579461357	17.8635843442
101.727016098	17.9092088197
101.779964904	18.0633249409
101.907225147	18.034180209
102.086060883	18.2142366674
102.421911955	17.9821469444
102.598916609	17.9539177539
102.590066377	17.8416113527
102.670023651	17.8016327153
102.858625162	17.9746700237
103.03837644	17.9884031434
103.090562295	18.1391622797
> Border Bin # 262, Level 1
106.332188907	14.4449530785
106.542458228	14.5989166094
106.846875715	14.3047226673
106.967574578	14.3241016251
107.304188602	14.6030365454
107.450827802	14.5529869535
107.548638132	14.7069504845
> Border Bin # 262, Level 1
104.444190127	10.4238956283
104.086366064	10.1680018311
104.054779889	10.4480048829
103.996643015	10.4831006332
103.840543221	10.4019226368
103.968566415	10.0860608835
103.897154192	10.0318913558
> Border Bin # 262, Level 1
107.545281147	14.708018616
107.341725795	14.1245136187
107.474479286	13.9296559091
> Border Bin # 262, Level 1
106.469672694	11.8709086748
106.458686198	11.6647592889
> Border Bin # 262, Level 1
107.473105974	13.9336232547
107.462729839	13.795834287
