120.4987 12.717858
119.801948 13.38588
119.424529 14.024871
119.337438 15.070484
119.279377 16.203234
119.192286 17.306942
119.395499 17.742617
120.329471 18.368733
121.25275 19.644328
121.384647 21.315798
121.464393 22.643131
122.392566 23.610365
124.141881 23.337237
125.435908 23.47852
127.958698 24.804719
129.642915 26.287128
130.556339 27.356015
132.584507 30.186856
133.771399 31.665021
135.228314 32.596268
137.865393 33.35391
140.015085 34.215613
142.009393 35.036588
>
163.987379 55.339
163.108065 53.667531
161.43737 52.435922
158.975293 50.588508
156.425284 48.741094
154.314932 46.981653
151.676992 45.134239
149.302846 43.726686
146.401111 41.879272
144.642485 40.999551
144.114897 38.536333
143.147652 36.425003
142.004545 34.929478
142.004545 31.938427
142.97179 29.299264
143.411446 26.220241
143.411446 24.372828
145.433867 22.261498
146.752837 20.502056
147.456288 18.478698
147.63215 16.543313
147.104562 14.519955
144.99421 12.056737
143.411446 11.616876
142.092476 11.264988
140.509712 10.737155
139.190742 10.825127
138.39936 9.857435
137.69591 8.361909
136.992459 7.482188
135.145901 7.306244
134.090725 6.162607
132.947617 4.315193
132.595892 2.291836
133.211412 1.148198
135.673489 -0.259355
138.487292 -1.051103
139.894193 -1.930824
142.268339 -2.282713
144.29076 -0.875159
146.576974 -0.259355
149.039052 -0.523271
151.149404 -1.139076
152.90803 -1.75488
>
137.928195 33.717729
137.916073 35.557302
137.68992 36.63342
139.173016 38.297237
139.542353 39.56777
140.153497 43.294276
140.696623 44.567783
141.166512 45.701966
141.484279 46.462734
141.73011 46.910378
141.987847 47.561221
142.355821 48.436391
142.237173 49.22786
142.182132 50.672653
142.393435 51.543065
142.668305 52.893359
142.611949 54.218965
142.494632 54.859145
142.301831 55.91123
>
122.124472 15.622338
122.792171 15.622338
123.401856 15.535201
124.069555 15.2738
124.795361 14.838125
125.317908 14.315325
125.579182 13.734429
125.898516 12.892121
126.45014 11.788419
126.711413 10.655669
127.030748 9.871462
127.350128 8.738712
127.437219 7.83832
127.524311 6.879839
127.669463 6.008495
128.104919 4.991924
128.743633 4.178668
129.295211 3.162099
129.411333 2.377886
129.672606 1.390363
130.427443 0.72233
131.095142 0.170476
132.140282 -0.061883
133.504757 -0.265194
134.811171 -0.352331
135.769221 -0.323283
