120.4987 12.717858
119.801948 13.38588
119.424529 14.024871
119.337438 15.070484
119.279377 16.203234
119.192286 17.306942
119.395499 17.742617
120.329471 18.368733
121.25275 19.644328
121.384647 21.315798
121.464393 22.643131
122.392566 23.610365
124.141881 23.337237
125.435908 23.47852
127.958698 24.804719
129.642915 26.287128
130.556339 27.356015
132.584507 30.186856
133.771399 31.665021
135.228314 32.596268
137.865393 33.35391
140.015085 34.215613
142.009393 35.036588
>
163.987379 55.339
163.108065 53.667531
161.43737 52.435922
158.975293 50.588508
156.425284 48.741094
154.314932 46.981653
151.676992 45.134239
149.302846 43.726686
146.401111 41.879272
144.642485 40.999551
144.114897 38.536333
143.147652 36.425003
142.004545 34.929478
142.004545 31.938427
142.97179 29.299264
143.411446 26.220241
143.411446 24.372828
145.433867 22.261498
146.752837 20.502056
147.456288 18.478698
147.63215 16.543313
147.104562 14.519955
144.99421 12.056737
143.411446 11.616876
142.092476 11.264988
140.509712 10.737155
139.190742 10.825127
138.39936 9.857435
137.69591 8.361909
136.992459 7.482188
135.145901 7.306244
134.090725 6.162607
132.947617 4.315193
132.595892 2.291836
133.211412 1.148198
135.673489 -0.259355
138.487292 -1.051103
139.894193 -1.930824
142.268339 -2.282713
144.29076 -0.875159
146.576974 -0.259355
149.039052 -0.523271
151.149404 -1.139076
152.90803 -1.75488
>
137.928195 33.717729
137.916073 35.557302
137.68992 36.63342
139.173016 38.297237
139.542353 39.56777
140.153497 43.294276
140.696623 44.567783
141.166512 45.701966
141.484279 46.462734
141.73011 46.910378
141.987847 47.561221
142.355821 48.436391
142.237173 49.22786
142.182132 50.672653
142.393435 51.543065
142.668305 52.893359
142.611949 54.218965
142.494632 54.859145
142.301831 55.91123
>
67.313159 27.022447
67.647019 27.639652
67.559927 28.176983
67.429279 28.728834
67.530897 29.353298
67.632503 29.759926
67.835728 29.934194
68.097001 29.818015
68.319476 29.426593
68.517965 29.077371
68.744668 28.815671
69.040524 28.598134
69.3889 28.554565
69.722761 28.699792
69.984046 28.917624
70.274362 29.469478
70.390484 30.137511
70.477586 30.486049
70.637253 30.921718
70.463071 31.154082
70.230816 31.560709
70.15824 31.996378
70.375968 32.591795
70.796932 32.824154
70.971115 33.158164
71.348521 33.303397
71.551746 33.710018
71.450139 34.08761
71.53723 34.436147
72.132377 34.42162
72.596863 34.276399
72.959766 34.044041
73.197769 33.920389
73.405318 34.03811
73.43951 34.207793
73.372794 34.346234
73.349209 34.498029
73.379148 34.573547
73.65066 34.458265
73.840788 34.198713
74.009424 34.051693
74.114441 33.898495
74.197587 33.685762
74.332228 33.501946
74.503844 33.342557
74.768012 33.263821
75.060292 33.193055
75.221906 33.122519
75.425972 32.919489
75.649547 32.669448
75.654466 32.382103
75.722563 32.140691
75.711784 31.92971
75.966839 31.597588
76.362952 31.122401
76.726934 30.844903
76.945346 30.670469
77.222712 30.505215
77.482263 30.403484
77.692383 30.264256
77.923454 30.184387
78.113235 29.977666
78.386413 29.858376
78.49682 29.732045
78.648904 29.546278
78.987395 29.456699
79.335132 29.315372
79.581651 29.275608
79.798188 29.097596
80.045509 29.125896
80.25443 29.01389
80.497836 29.002132
80.633052 28.870175
80.946473 28.807473
81.239776 28.6476
81.405808 28.393745
81.711734 28.084282
81.93331 27.942996
82.167716 27.918621
82.465966 27.697095
83.008348 27.762657
83.381731 27.731903
83.72548 27.655102
83.937359 27.470679
84.171907 27.321569
84.540108 27.354316
84.836444 27.339221
85.100863 27.255782
85.433139 27.171882
85.756739 27.085213
86.057422 26.955062
86.249215 26.845962
86.400704 26.758078
86.595815 26.66429
86.857754 26.667189
87.003357 26.802281
87.247022 26.814362
87.541593 26.797707
87.869536 26.747972
88.193197 26.800226
88.366527 26.860091
88.620046 26.948025
88.772263 26.977393
88.925632 26.942655
89.188406 26.81306
89.463568 26.749326
89.748852 26.76367
90.161692 26.787475
90.415097 26.907487
90.785767 26.793415
91.188041 26.877489
91.597645 26.849471
92.024628 26.897243
92.519556 26.983763
92.796235 27.071519
93.025849 26.928557
93.304375 26.963342
93.749174 27.051477
93.86146 27.260539
93.919541 27.369366
94.177961 27.532966
94.425297 27.740272
94.916579 28.009125
95.33767 28.277973
95.65349 28.4124
95.771297 28.548792
96.495683 29.353383
96.905081 29.156915
97.267707 28.939763
97.735581 28.598529
97.431453 28.277973
96.530773 27.678231
96.087279 27.44545
95.774211 27.272779
95.248734 27.021017
94.978509 26.834479
94.691043 26.644657
94.389378 26.435067
94.21712 26.242957
94.009123 26.04517
93.862592 25.822231
93.66538 25.574451
93.490362 25.312515
93.223611 24.951465
93.0152 24.682667
92.781648 24.358303
92.626169 24.113277
92.558309 23.797417
92.531419 23.555712
92.553621 23.152179
92.700418 22.564747
92.832432 22.14409
92.942207 21.838491
93.101345 21.352921
93.293319 20.871856
93.480501 20.406184
93.759507 19.800057
94.021318 19.275414
94.199293 18.822131
94.283339 18.17828
94.283339 17.742617
94.196236 17.335984
93.993024 16.726046
93.615617 15.941834
93.238199 15.2738
92.74467 14.663862
92.367264 13.87965
92.047918 12.892121
91.815663 11.875556
91.699541 10.888027
91.670511 9.958593
91.728572 9.145339
91.989857 8.332082
92.338233 7.518827
92.686609 6.879839
92.831761 6.269898
93.005955 5.079059
93.238199 4.178668
93.557544 3.365412
94.283339 2.813561
95.154274 2.145528
96.054251 1.709856
96.838101 0.867557
97.738072 -0.758958
98.260636 -1.514123
99.247704 -2.995411
>
122.124472 15.622338
122.792171 15.622338
123.401856 15.535201
124.069555 15.2738
124.795361 14.838125
125.317908 14.315325
125.579182 13.734429
125.898516 12.892121
126.45014 11.788419
126.711413 10.655669
127.030748 9.871462
127.350128 8.738712
127.437219 7.83832
127.524311 6.879839
127.669463 6.008495
128.104919 4.991924
128.743633 4.178668
129.295211 3.162099
129.411333 2.377886
129.672606 1.390363
130.427443 0.72233
131.095142 0.170476
132.140282 -0.061883
133.504757 -0.265194
134.811171 -0.352331
135.769221 -0.323283
